Score	readsNum	readsBases
41	0	0
40	0	0
39	0	0
38	165366	39444188
37	258334	62548825
36	171854	41974894
35	135721	33329625
34	114572	28235951
33	97881	24173865
32	84533	20910367
31	74214	18391295
30	64776	16075758
29	56849	14116275
28	49878	12402369
27	43871	10924719
26	38825	9681602
25	33730	8420214
24	29208	7299713
23	25392	6351802
22	21444	5368293
21	18001	4508232
20	13826	3463468
19	8990	2251662
18	4224	1058199
17	1360	340531
16	359	89819
15	79	19797
14	12	3005
13	0	0
12	0	0
11	0	0
10	0	0
9	0	0
8	0	0
7	0	0
6	0	0
5	0	0
4	0	0
3	0	0
2	0	0
1	0	0
0	413	14455
