ST	penA	mtrR	porB	ponA	gyrA	parC	23S	CC
1	20	10	13	100	100	2	100	190
2	22	14	14	100	100	7	100
3	166	1	13	1	5	1	100
4	14	19	8	1	2	5	100	348
5	517	25	8	1	2	11	100
6	166	19	8	1	1	1	100	38
7	166	26	13	1	1	12	100
8	21	1	8	1	100	7	100	139
9	166	32	2	100	100	100	100	63
10	15	1	12	1	1	3	100	90
11	19	5	100	100	100	100	100	20
12	20	10	5	1	100	1	100
13	22	5	14	100	100	2	100	307
14	21	22	8	1	100	1	100	2473
15	14	19	8	1	5	2	100
16	500	1	11	1	1	3	100	90
17	18	18	14	100	100	1	100
18	18	18	14	100	3	1	100
19	17	4	100	100	100	1	100	20
20	17	5	100	100	100	1	100	20
21	17	7	1	100	100	2	100	307
22	14	1	8	1	1	3	100	127
23	14	19	11	1	5	2	100
24	1521	25	8	1	9	1	100
25	14	33	12	1	2	5	100	348
26	21	1	8	1	1	3	100	127
27	21	1	8	1	1	3	2	127
28	21	1	8	1	2	4	100
29	21	1	8	3	1	3	100	127
30	21	1	8	3	1	3	1
31	21	1	8	4	1	14	100
32	21	1	8	4	1	3	100	127
33	21	34	8	1	1	3	100	127
34	21	35	8	3	100	7	100
35	876	1	8	1	1	3	2	127
36	1514	1	8	1	1	3	1	127
37	284	1	8	1	1	3	100	127
38	284	19	8	1	1	9	100	38
39	284	19	8	1	1	9	2	38
40	1595	22	8	1	2	3	2
41	284	36	8	1	3	7	100
42	294	10	3	100	100	1	100	42
43	294	10	3	100	100	1	6	42
44	1321	28	1	100	100	7	100	178
45	22	18	1	100	100	2	100	307
46	22	9	1	100	100	7	100	63
47	1323	25	1	1	100	2	100	442
48	1323	25	1	1	100	2	2
49	1323	25	1	1	8	2	100
50	1516	37	8	1	1	10	100
51	287	19	8	1	7	3	100	73
52	228	25	6	100	100	2	100	190
53	228	38	1	1	7	15	100	309
54	166	23	1	100	100	100	100	63
55	166	24	1	100	100	2	100	55
56	166	24	13	100	100	2	100	55
57	166	25	3	100	100	100	2	1038
58	166	27	1	100	100	100	100	63
59	166	30	11	100	100	100	100	193
60	166	31	1	100	100	100	100	63
61	166	5	3	100	100	100	2	301
62	166	9	100	100	100	100	2	845
63	166	9	1	100	100	100	100	63
64	166	9	1	100	100	100	2	63
65	166	9	1	100	1	100	100	63
66	166	9	1	2	100	100	100	63
67	166	9	11	100	100	100	100	63
68	166	9	11	100	100	100	2	63
69	23	1	12	1	7	6	1
70	23	1	13	1	2	13	100
71	23	19	1	1	7	3	100	73
72	23	19	11	1	7	3	100	73
73	23	19	8	1	7	3	100	73
74	23	25	3	100	100	100	2	1038
75	1508	9	1	100	1	100	100	63
76	290	19	8	1	7	8	100	73
77	1518	100	3	100	100	1	2
78	1519	100	3	100	100	1	2
79	20	100	3	100	100	1	2	3111
80	20	1	3	100	100	1	2	3111
81	1276	11	100	100	100	2	100	190
82	20	12	100	100	100	7	100	190
83	20	13	3	100	100	1	100	3111
84	20	15	100	100	100	7	100	190
85	20	15	3	100	100	1	100	3111
86	20	19	6	1	100	2	100	1115
87	20	6	100	100	6	1	100	239
88	266	100	11	1	1	3	100	90
89	266	1	1	1	1	3	100	90
90	266	1	11	1	1	3	100	90
91	266	1	11	1	1	3	2	90
92	266	1	11	1	1	3	5	90
93	266	1	11	3	1	3	100	90
94	266	1	11	5	1	3	100	90
95	1240	1	1	1	1	3	100	90
96	1240	1	11	1	1	16	100	90
97	1240	1	11	1	1	3	100	90
98	1240	1	11	1	1	3	2	90
99	1240	1	11	3	1	3	100	90
